0.0 0.0 0.0 0.0 0.0 0.0 0.0 0.0 0.0 0.0 0.0 0.0 0.0 0.0 0.0 0.0 0.0 0.0 0.0 0.0 0.0 0.0 0.0 0.0 0.0 0.0 0.0 0.0 0.0 0.0 0.0 0.0 0.0 0.0 0.0 0.0 0.0 0.0 0.0 0.0 0.0 0.0 0.0 0.0 0.0 0.0 0.0 0.0 0.0 0.0 0.0 0.0 0.0 0.0 0.0 0.0 0.0 0.0 0.0 0.0 0.0 0.0 0.0 0.0 0.0 0.0 0.0 0.0 0.0 0.0 0.0 0.0 0.0 0.0 0.0 0.0 0.0 0.0 0.0 0.0 0.0 0.0 0.0 0.0 0.0 0.0 0.0 0.0 0.0 0.0 0.0 0.0 0.0 0.0 0.0 0.0 0.0 0.0 0.0 0.0 0.0 0.0 0.0 0.0 
0.0 0.0 0.0 0.0 0.0 0.0 0.0 0.0 0.0 0.0 0.0 0.0 0.0 0.0 0.0 0.0 0.0 0.0 0.0 0.0 0.0 0.0 0.0 0.0 0.0 0.0 0.0 0.0 0.0 0.0 0.0 0.0 0.0 0.0 0.0 0.0 0.0 0.0 0.0 0.0 0.0 0.0 0.0 0.0 0.0 0.0 0.0 0.0 0.0 0.0 0.0 0.0 0.0 0.0 0.0 0.0 0.0 0.0 0.0 0.0 0.0 0.0 0.0 0.0 0.0 0.0 0.0 0.0 0.0 0.0 0.0 0.0 0.0 0.0 0.0 0.0 0.0 0.0 0.0 0.0 0.0 0.0 0.0 0.0 0.0 0.0 0.0 0.0 0.0 0.0 0.0 0.0 0.0 0.0 0.0 0.0 0.0 0.0 0.0 0.0 0.0 0.0 0.0 0.0 
0.0 0.0 0.0 0.0 0.0 0.0 0.0 0.0 0.0 0.0 0.0 0.0 0.0 0.0 0.0 0.0 0.0 0.0 0.0 0.0 0.0 0.0 0.0 0.0 0.0 0.0 0.0 0.0 0.0 0.0 0.0 0.0 0.0 0.0 0.0 0.0 0.0 0.0 0.0 0.0 0.0 0.0 0.0 0.0 0.0 0.0 0.0 0.0 0.0 0.0 0.0 0.0 0.0 0.0 0.0 0.0 0.0 0.0 0.0 0.0 0.0 0.0 0.0 0.0 0.0 0.0 0.0 0.0 0.0 0.0 0.0 0.0 0.0 0.0 0.0 0.0 0.0 0.0 0.0 0.0 0.0 0.0 0.0 0.0 0.0 0.0 0.0 0.0 0.0 0.0 0.0 0.0 0.0 0.0 0.0 0.0 0.0 0.0 0.0 0.0 0.0 0.0 0.0 0.0 
0.0 0.0 0.0 0.0 0.0 0.0 0.0 0.0 0.0 0.0 0.0 0.0 0.0 0.0 0.0 0.0 0.0 0.0 0.0 0.0 0.0 0.0 0.0 0.0 0.0 0.0 0.0 0.0 0.0 0.0 0.0 0.0 0.0 0.0 0.0 0.0 0.0 0.0 0.0 0.0 0.0 0.0 0.0 0.0 0.0 0.0 0.0 0.0 0.0 0.0 0.0 0.0 0.0 0.0 0.0 0.0 0.0 0.0 0.0 0.0 0.0 0.0 0.0 0.0 0.0 0.0 0.0 0.0 0.0 0.0 0.0 0.0 0.0 0.0 0.0 0.0 0.0 0.0 0.0 0.0 0.0 0.0 0.0 0.0 0.0 0.0 0.0 0.0 0.0 0.0 0.0 0.0 0.0 0.0 0.0 0.0 0.0 0.0 0.0 0.0 0.0 0.0 0.0 0.0 
0.0 0.0 0.0 0.0 0.0 0.0 0.0 0.0 0.0 0.0 0.0 0.0 0.0 0.0 0.0 0.0 0.0 0.0 0.0 0.0 0.0 0.0 0.0 0.0 0.0 0.0 0.0 0.0 0.0 0.0 0.0 0.0 0.0 0.0 0.0 0.0 0.0 0.0 0.0 0.0 0.0 0.0 0.0 0.0 0.0 0.0 0.0 0.0 0.0 0.0 0.0 0.0 0.0 0.0 0.0 0.0 0.0 0.0 0.0 0.0 0.0 0.0 0.0 0.0 0.0 0.0 0.0 0.0 0.0 0.0 0.0 0.0 0.0 0.0 0.0 0.0 0.0 0.0 0.0 0.0 0.0 0.0 0.0 0.0 0.0 0.0 0.0 0.0 0.0 0.0 0.0 0.0 0.0 0.0 0.0 0.0 0.0 0.0 0.0 0.0 0.0 0.0 0.0 0.0 
0.0 0.0 0.0 0.0 0.0 0.0 0.0 0.0 0.0 0.0 0.0 0.0 0.0 0.0 0.0 0.0 0.0 0.0 0.0 0.0 0.0 0.0 0.0 0.0 0.0 0.0 0.0 0.0 0.0 0.0 0.0 0.0 0.0 0.0 0.0 0.0 0.0 0.0 0.0 0.0 0.0 0.0 0.0 0.0 0.0 0.0 0.0 0.0 0.0 0.0 0.0 0.0 0.0 0.0 0.0 0.0 0.0 0.0 0.0 0.0 0.0 0.0 0.0 0.0 0.0 0.0 0.0 0.0 0.0 0.0 0.0 0.0 0.0 0.0 0.0 0.0 0.0 0.0 0.0 0.0 0.0 0.0 0.0 0.0 0.0 0.0 0.0 0.0 0.0 0.0 0.0 0.0 0.0 0.0 0.0 0.0 0.0 0.0 0.0 0.0 0.0 0.0 0.0 0.0 
0.0 0.0 0.0 0.0 0.0 0.0 0.0 0.0 0.0 0.0 0.0 0.0 0.0 0.0 0.0 0.0 0.0 0.0 0.0 0.0 0.0 0.0 0.0 0.0 0.0 0.0 0.0 0.0 0.0 0.0 0.0 0.0 0.0 0.0 0.0 0.0 0.0 0.0 0.0 0.0 0.0 0.0 0.0 0.0 0.0 0.0 0.0 0.0 0.0 0.0 0.0 0.0 0.0 0.0 0.0 0.0 0.0 0.0 0.0 0.0 0.0 0.0 0.0 0.0 0.0 0.0 0.0 0.0 0.0 0.0 0.0 0.0 0.0 0.0 0.0 0.0 0.0 0.0 0.0 0.0 0.0 0.0 0.0 0.0 0.0 0.0 0.0 0.0 0.0 0.0 0.0 0.0 0.0 0.0 0.0 0.0 0.0 0.0 0.0 0.0 0.0 0.0 0.0 0.0 
0.0 0.0 0.0 0.0 0.0 0.0 0.0 0.0 0.0 0.0 0.0 0.0 0.0 0.0 0.0 0.0 0.0 0.0 0.0 0.0 0.0 0.0 0.0 0.0 0.0 0.0 0.0 0.0 0.0 0.0 0.0 0.0 0.0 0.0 0.0 0.0 0.0 0.0 0.0 0.0 0.0 0.0 0.0 0.0 0.0 0.0 0.0 0.0 0.0 0.0 0.0 0.0 0.0 0.0 0.0 0.0 0.0 0.0 0.0 0.0 0.0 0.0 0.0 0.0 0.0 0.0 0.0 0.0 0.0 0.0 0.0 0.0 0.0 0.0 0.0 0.0 0.0 0.0 0.0 0.0 0.0 0.0 0.0 0.0 0.0 0.0 0.0 0.0 0.0 0.0 0.0 0.0 0.0 0.0 0.0 0.0 0.0 0.0 0.0 0.0 0.0 0.0 0.0 0.0 
0.0 0.0 0.0 0.0 0.0 0.0 0.0 0.0 0.0 0.0 0.0 0.0 0.0 0.0 0.0 0.0 0.0 0.0 0.0 0.0 0.0 0.0 0.0 0.0 0.0 0.0 0.0 0.0 0.0 0.0 0.0 0.0 0.0 0.0 0.0 0.0 0.0 0.0 0.0 0.0 0.0 0.0 0.0 0.0 0.0 0.0 0.0 0.0 0.0 0.0 0.0 0.0 0.0 0.0 0.0 0.0 0.0 0.0 0.0 0.0 0.0 0.0 0.0 0.0 0.0 0.0 0.0 0.0 0.0 0.0 0.0 0.0 0.0 0.0 0.0 0.0 0.0 0.0 0.0 0.0 0.0 0.0 0.0 0.0 0.0 0.0 0.0 0.0 0.0 0.0 0.0 0.0 0.0 0.0 0.0 0.0 0.0 0.0 0.0 0.0 0.0 0.0 0.0 0.0 
0.0 0.0 0.0 0.0 0.0 0.0 0.0 0.0 0.0 0.0 0.0 0.0 0.0 0.0 0.0 0.0 0.0 0.0 0.0 0.0 0.0 0.0 0.0 0.0 0.0 0.0 0.0 0.0 0.0 0.0 0.0 0.0 0.0 0.0 0.0 0.0 0.0 0.0 0.0 0.0 0.0 0.0 0.0 0.0 0.0 0.0 0.0 0.0 0.0 0.0 0.0 0.0 0.0 0.0 0.0 0.0 0.0 0.0 0.0 0.0 0.0 0.0 0.0 0.0 0.0 0.0 0.0 0.0 0.0 0.0 0.0 0.0 0.0 0.0 0.0 0.0 0.0 0.0 0.0 0.0 0.0 0.0 0.0 0.0 0.0 0.0 0.0 0.0 0.0 0.0 0.0 0.0 0.0 0.0 0.0 0.0 0.0 0.0 0.0 0.0 0.0 0.0 0.0 0.0 
0.0 0.0 0.0 0.0 0.0 0.0 0.0 0.0 0.0 0.0 0.0 0.0 0.0 0.0 0.0 0.0 0.0 0.0 0.0 0.0 0.0 0.0 0.0 0.0 0.0 0.0 0.0 0.0 0.0 0.0 0.0 0.0 0.0 0.0 0.0 0.0 0.0 0.0 0.0 0.0 0.0 0.0 0.0 0.0 0.0 0.0 0.0 0.0 0.0 0.0 0.0 0.0 0.0 0.0 0.0 0.0 0.0 0.0 0.0 0.0 0.0 0.0 0.0 0.0 0.0 0.0 0.0 0.0 0.0 0.0 0.0 0.0 0.0 0.0 0.0 0.0 0.0 0.0 0.0 0.0 0.0 0.0 0.0 0.0 0.0 0.0 0.0 0.0 0.0 0.0 0.0 0.0 0.0 0.0 0.0 0.0 0.0 0.0 0.0 0.0 0.0 0.0 0.0 0.0 
0.0 0.0 0.0 0.0 0.0 0.0 0.0 0.0 0.0 0.0 0.0 0.0 0.0 0.0 0.0 0.0 0.0 0.0 0.0 0.0 0.0 0.0 0.0 0.0 0.0 0.0 0.0 0.0 0.0 0.0 0.0 0.0 0.0 0.0 0.0 0.0 0.0 0.0 0.0 0.0 0.0 0.0 0.0 0.0 0.0 0.0 0.0 0.0 0.0 0.0 0.0 0.0 0.0 0.0 0.0 0.0 0.0 0.0 0.0 0.0 0.0 0.0 0.0 0.0 0.0 0.0 0.0 0.0 0.0 0.0 0.0 0.0 0.0 0.0 0.0 0.0 0.0 0.0 0.0 0.0 0.0 0.0 0.0 0.0 0.0 0.0 0.0 0.0 0.0 0.0 0.0 0.0 0.0 0.0 0.0 0.0 0.0 0.0 0.0 0.0 0.0 0.0 0.0 0.0 
0.0 0.0 0.0 0.0 0.0 0.0 0.0 0.0 0.0 0.0 0.0 0.0 0.0 0.0 0.0 0.0 0.0 0.0 0.0 0.0 0.0 0.0 0.0 0.0 0.0 0.0 0.0 0.0 0.0 0.0 0.0 0.0 0.0 0.0 0.0 0.0 0.0 0.0 0.0 0.0 0.0 0.0 0.0 0.0 0.0 0.0 0.0 0.0 0.0 0.0 0.0 0.0 0.0 0.0 0.0 0.0 0.0 0.0 0.0 0.0 0.0 0.0 0.0 0.0 0.0 0.0 0.0 0.0 0.0 0.0 0.0 0.0 0.0 0.0 0.0 0.0 0.0 0.0 0.0 0.0 0.0 0.0 0.0 0.0 0.0 0.0 0.0 0.0 0.0 0.0 0.0 0.0 0.0 0.0 0.0 0.0 0.0 0.0 0.0 0.0 0.0 0.0 0.0 0.0 
0.0 0.0 0.0 0.0 0.0 0.0 0.0 0.0 0.0 0.0 0.0 0.0 0.0 0.0 0.0 0.0 0.0 0.0 0.0 0.0 0.0 0.0 0.0 0.0 0.0 0.0 0.0 0.0 0.0 0.0 0.0 0.0 0.0 0.0 0.0 0.0 0.0 0.0 0.0 0.0 0.0 0.0 0.0 0.0 0.0 0.0 0.0 0.0 0.0 0.0 0.0 0.0 0.0 0.0 0.0 0.0 0.0 0.0 0.0 0.0 0.0 0.0 0.0 0.0 0.0 0.0 0.0 0.0 0.0 0.0 0.0 0.0 0.0 0.0 0.0 0.0 0.0 0.0 0.0 0.0 0.0 0.0 0.0 0.0 0.0 0.0 0.0 0.0 0.0 0.0 0.0 0.0 0.0 0.0 0.0 0.0 0.0 0.0 0.0 0.0 0.0 0.0 0.0 0.0 
0.0 0.0 0.0 0.0 0.0 0.0 0.0 0.0 0.0 0.0 0.0 0.0 0.0 0.0 0.0 0.0 0.0 0.0 0.0 0.0 0.0 0.0 0.0 0.0 0.0 0.0 0.0 0.0 0.0 0.0 0.0 0.0 0.0 0.0 0.0 0.0 0.0 0.0 0.0 0.0 0.0 0.0 0.0 0.0 0.0 0.0 0.0 0.0 0.0 0.0 0.0 0.0 0.0 0.0 0.0 0.0 0.0 0.0 0.0 0.0 0.0 0.0 0.0 0.0 0.0 0.0 0.0 0.0 0.0 0.0 0.0 0.0 0.0 0.0 0.0 0.0 0.0 0.0 0.0 0.0 0.0 0.0 0.0 0.0 0.0 0.0 0.0 0.0 0.0 0.0 0.0 0.0 0.0 0.0 0.0 0.0 0.0 0.0 0.0 0.0 0.0 0.0 0.0 0.0 
0.0 0.0 0.0 0.0 0.0 0.0 0.0 0.0 0.0 0.0 0.0 0.0 0.0 0.0 0.0 0.0 0.0 0.0 0.0 0.0 0.0 0.0 0.0 0.0 0.0 0.0 0.0 0.0 0.0 0.0 0.0 0.0 0.0 0.0 0.0 0.0 0.0 0.0 0.0 0.0 0.0 0.0 0.0 0.0 0.0 0.0 0.0 0.0 0.0 0.0 0.0 0.0 0.0 0.0 0.0 0.0 0.0 0.0 0.0 0.0 0.0 0.0 0.0 0.0 0.0 0.0 0.0 0.0 0.0 0.0 0.0 0.0 0.0 0.0 0.0 0.0 0.0 0.0 0.0 0.0 0.0 0.0 0.0 0.0 0.0 0.0 0.0 0.0 0.0 0.0 0.0 0.0 0.0 0.0 0.0 0.0 0.0 0.0 0.0 0.0 0.0 0.0 0.0 0.0 
0.0 0.0 0.0 0.0 0.0 0.0 0.0 0.0 0.0 0.0 0.0 0.0 0.0 0.0 0.0 0.0 0.0 0.0 0.0 0.0 0.0 0.0 0.0 0.0 0.0 0.0 0.0 0.0 0.0 0.0 0.0 0.0 0.0 0.0 0.0 0.0 0.0 0.0 0.0 0.0 0.0 0.0 0.0 0.0 0.0 0.0 0.0 0.0 0.0 0.0 0.0 0.0 0.0 0.0 0.0 0.0 0.0 0.0 0.0 0.0 0.0 0.0 0.0 0.0 0.0 0.0 0.0 0.0 0.0 0.0 0.0 0.0 0.0 0.0 0.0 0.0 0.0 0.0 0.0 0.0 0.0 0.0 0.0 0.0 0.0 0.0 0.0 0.0 0.0 0.0 0.0 0.0 0.0 0.0 0.0 0.0 0.0 0.0 0.0 0.0 0.0 0.0 0.0 0.0 
0.0 0.0 0.0 0.0 0.0 0.0 0.0 0.0 0.0 0.0 0.0 0.0 0.0 0.0 0.0 0.0 0.0 0.0 0.0 0.0 0.10631850290849995 0.21292859338211 0.3198353068242137 0.4113934289163447 0.4084107078065186 0.4053358554044389 0.40216784046253584 0.39890545895889196 0.2994673049077037 0.1998396285423008 0.10001849783315633 0.0 0.0 0.0 0.0 0.0 0.0 0.0 0.0 0.0 0.0 0.0 0.0 0.0 0.0 0.0 0.0 0.0 0.13307050569937917 0.2660078479844715 0.3988160935127496 0.5141900088236304 0.5366537874584921 0.5589690555544641 0.5811375624537636 0.6014877088293662 0.5772287887775258 0.5529109087044444 0.5383829942014483 0.5237675869816476 0.5015143828939048 0.4792288105836253 0.45691058224988357 0.43335458368745094 0.41793160006391816 0.40248696140838214 0.3876465759229506 0.3582006637517546 0.34634595425406045 0.33449068698132045 0.32263515184712666 0.3082238439860626 0.23070789566917116 0.1535024496426733 0.07660174747937198 0.0 0.0 0.0 0.0 0.0 0.0 0.0 0.0 0.0 0.0 0.0 0.0 0.0 0.0 0.0 0.0 0.0 0.0 0.0 0.0 0.0 0.0 0.0 0.0 0.0 0.0 0.0 0.0 0.0 
0.0 0.0 0.0 0.0 0.0 0.0 0.0 0.0 0.0 0.0 0.0 0.0 0.0 0.0 0.0 0.0 0.0 0.0 0.0 0.0 0.21320581636954072 0.426999160803182 0.6413901394372048 0.8248825843984011 0.8189704102049942 0.8128742678012641 0.8065916205013183 0.8001197701124704 0.6006718140173308 0.4008409932378866 0.20061969982523575 0.0 0.0 0.0 0.0 0.0 0.0 0.0 0.0 0.0 0.0 0.0 0.0 0.0 0.0 0.0 0.0 0.0 0.26692605316922235 0.5335813444172623 0.799974289343843 1.0312461487189961 1.0762826877203382 1.1210199116871618 1.1654620822350619 1.2062427582990747 1.1575865797380631 1.1204679035442893 1.087182053590184 1.0614448057090042 1.0158449017635187 0.9690907627578724 0.922328917175903 0.8744703960937275 0.8424040272844422 0.8111837260521184 0.7801690690010223 0.7210877167736711 0.6976369658019673 0.6737284417347464 0.6494835711675147 0.617538108650783 0.46222655748288044 0.30754084928639636 0.15346915111871806 0.0 0.0 0.0 0.0 0.0 0.0 0.0 0.0 0.0 0.0 0.0 0.0 0.0 0.0 0.0 0.0 0.0 0.0 0.0 0.0 0.0 0.0 0.0 0.0 0.0 0.0 0.0 0.0 0.0 
0.0 0.0 0.0 0.0 0.0 0.0 0.0 0.0 0.0 0.0 0.0 0.0 0.0 0.0 0.0 0.0 0.0 0.0 0.0 0.0 0.3251583786517752 0.6473102949065099 0.9695228274007004 1.2457745699659237 1.2368729828735547 1.228085730469859 1.2187782741363415 1.2090619099368602 0.9095962331653922 0.6098592692893205 0.3101530158957628 0.0 0.0 0.0 0.0 0.0 0.0 0.0 0.0 0.0 0.0 0.0 0.0 0.0 0.0 0.0 0.0 0.0 0.42608133933337067 0.825243392373821 1.2299429197130696 1.6003628732723354 1.6787141078776768 1.7099026810969455 1.771808912983291 1.922277552832587 1.8449202006821437 1.725387721450542 1.6565522217643291 1.585785162255759 1.5173303980516544 1.4491607599066447 1.3808912710020333 1.3132736138645915 1.2663098204816197 1.2172135706617733 1.1709659971597 1.1089184019560903 1.0750878239598616 1.0641305897268758 1.0310798516967234 0.9948591687543515 0.6964109985013287 0.5052872279023286 0.25308853937291065 0.0 0.0 0.0 0.0 0.0 0.0 0.0 0.0 0.0 0.0 0.0 0.0 0.0 0.0 0.0 0.0 0.0 0.0 0.0 0.0 0.0 0.0 0.0 0.0 0.0 0.0 0.0 0.0 0.0 
0.0 0.0 0.0 0.0 0.0 0.0 0.0 0.0 0.0 0.0 0.0 0.0 0.0 0.0 0.0 0.0 0.0 0.0 0.0 0.0 0.4410555168510145 0.8804862048788684 1.3014814313697418 1.7256579855577083 1.7183474946932362 1.710246485222616 1.697798432876693 1.68874855857976 1.2838410054703915 0.8785322106409901 0.47595632854443726 0.0 0.0 0.0 0.0 0.0 0.0 0.0 0.0 0.0 0.0 0.0 0.0 0.0 0.0 0.0 0.0 0.0 0.56709819336758 1.1009120876438443 1.6362791626001334 2.1436966095907364 2.249273462221404 2.354616841775184 2.443983993163931 2.5336178592792686 2.4285640601558263 2.3238412149495264 2.219373650533721 2.114662767113111 2.0242459877093726 1.9336042793069579 1.8429728408058035 1.7522524289158286 1.6897621899669226 1.6275006079315293 1.564836041308037 1.4996566388118149 1.456247722905847 1.404478816102902 1.358348728097822 1.3062953415119742 1.0220898973809431 0.7444132788291538 0.41561955139719453 0.0 0.0 0.0 0.0 0.0 0.0 0.0 0.0 0.0 0.0 0.0 0.0 0.0 0.0 0.0 0.0 0.0 0.0 0.0 0.0 0.0 0.0 0.0 0.0 0.0 0.0 0.0 0.0 0.0 
0.0 0.0 0.0 0.0 0.0 0.0 0.0 0.0 0.06723101369483439 0.13474695955623567 0.20255419153732335 0.26629748617038096 0.280362875751638 0.29449205096281195 0.3082712310480247 0.3294701021039401 0.3471941488372911 0.3714650791449777 0.3867872571794585 0.4007579635478964 0.7416702899081309 1.0839324526660299 1.4180609398279609 1.7537875596172188 1.7683388489464686 1.7824472326143708 1.7935885016767918 1.810147638314879 1.5273082825211577 1.2420178008551999 0.9558606549859082 0.6689736829933288 0.6888492386026224 0.682131306356339 0.6981350424351386 0.7055286168432029 0.5383406950594267 0.403903506303428 0.2130134889632035 0.0 0.0 0.0 0.0 0.0 0.0 0.0 0.0 0.0 0.6211877279082014 1.2101563372721746 1.793615545516461 2.364795592744599 2.4221107015158285 2.4818234199614944 2.5334442846347205 2.584641683604078 2.471329833197526 2.358059606430017 2.2447304589015875 2.1312545927509214 2.04506180934998 1.9587232079643884 1.8722181073298867 1.7856288889116037 1.7231207793109202 1.6606905779440115 1.5977623453450462 1.5325902813537944 1.4878099855485278 1.4346940460351572 1.3861377402934973 1.332727227425912 1.1144065653860642 0.8944627186542274 0.6426231640433392 0.37794032484843165 0.3697836947331621 0.31851903158509975 0.29263684628930386 0.27162276771609495 0.20335894316101344 0.13533810842645783 0.06755398265370628 0.0 0.0 0.0 0.0 0.0 0.0 0.0 0.0 0.0 0.0 0.0 0.0 0.0 0.0 0.0 0.0 0.0 0.0 0.0 0.0 0.0 
0.0 0.0 0.0 0.0 0.0 0.0 0.0 0.0 0.13472385247781477 0.27001998578482006 0.40590114644339825 0.5336799858930406 0.5588927210720009 0.5913788032573931 0.6138886768524248 0.6574878518863314 0.6930835589515649 0.7181628559090814 0.7514264741347239 0.7898530344480117 1.0371013468471464 1.2850789122875925 1.5342535091031186 1.7830227527454385 1.81954404564955 1.8558891912624995 1.890670757784453 1.9251754494241489 1.7635398713084365 1.6013994330438188 1.4372543654651306 1.2727939929125975 1.3128217613095634 1.3531262110400117 1.3797310126804825 1.4355110988129567 1.1025659763630578 0.7713063555655209 0.4115732088658519 0.0 0.0 0.0 0.0 0.0 0.0 0.0 0.0 0.0 0.6723221777953682 1.3111604151373282 1.9425323142794377 2.589358339990447 2.6015600849938663 2.6137448004735875 2.6260224049291723 2.6380241953416546 2.5155472005812083 2.3930994403983012 2.2705976656825753 2.147960008390654 2.0660202010841444 1.983817349175588 1.9014833914043217 1.81933257758239 1.75663230906688 1.6938281044620433 1.6306285380681502 1.5616800466610465 1.5139739073975313 1.4637545510062218 1.4141388512528525 1.3676047093564017 1.2108987628066763 1.0464870273862745 0.8551453762908505 0.6767689424275931 0.6627998267953974 0.6460241575383321 0.5646900661826968 0.5436773823029488 0.40703456606195754 0.27088272419462867 0.13520889332997843 0.0 0.0 0.0 0.0 0.0 0.0 0.0 0.0 0.0 0.0 0.0 0.0 0.0 0.0 0.0 0.0 0.0 0.0 0.0 0.0 0.0 
0.0 0.0 0.0 0.0 0.0 0.0 0.0 0.0 0.20248343828006105 0.40582888293433167 0.611602954171386 0.8123799173441326 0.8480261899081474 0.886338086395702 0.9203546809787111 0.9659495916438101 1.0174660017151296 1.0610194067703707 1.1116942105063807 1.1651145573089556 1.3265215161247728 1.4871283686441283 1.648644564746626 1.8120216700124112 1.871305885478717 1.9303764634059588 1.9885934719718437 2.0465930569822666 2.0059253445049343 1.9648434455652595 1.9226043626328106 1.8799876744599233 1.9401448305250364 2.0001832088704927 2.0531840327757336 2.1205857999585502 1.6034029593048205 1.0895267315579706 0.5620275406401085 0.0 0.0 0.0 0.0 0.0 0.0 0.0 0.0 0.0 0.7215256839427728 1.4083431912651214 2.1006370604294204 2.7996469375987214 2.7728563891084512 2.74596341903024 2.718790860278366 2.6912423252641235 2.5595034080106456 2.427777194443848 2.296124734001106 2.1644291972961014 2.0866715914081566 2.0085529795613586 1.9304569326669094 1.8526374134418355 1.7896676628117438 1.7265819626304781 1.6632375137390543 1.594766283386722 1.5435874567645151 1.4926616134920558 1.44335926284989 1.393608243567074 1.2981933458123427 1.1939471242160375 1.0796051389629717 0.9660470969796969 0.9461422577959901 0.9151931797650052 0.8796877505415718 0.8172391398999158 0.6110425520942755 0.4066441468697297 0.20296983503791255 0.0 0.0 0.0 0.0 0.0 0.0 0.0 0.0 0.0 0.0 0.0 0.0 0.0 0.0 0.0 0.0 0.0 0.0 0.0 0.0 0.0 
0.0 0.0 0.0 0.0 0.0 0.0 0.0 0.0 0.2645573005631273 0.5284531111708547 0.8104199579187168 1.086369503413612 1.1342828437210124 1.176651824506567 1.2241969603842633 1.2719989223865897 1.3401501942177334 1.4084419702727322 1.4765899133021954 1.5449656530535405 1.6193895314355173 1.6936787789991046 1.7674149553508032 1.8366129623585283 1.920051846787453 2.0026662095457555 2.0852162392223734 2.167803608985471 2.24882189458625 2.3295375938008362 2.4104359769954047 2.491076301748226 2.5718357283320614 2.652412215870048 2.732964260500981 2.8132894072153465 2.1120811334355327 1.4125592153388862 0.719394404057032 0.0 0.0 0.0 0.0 0.0 0.0 0.0 0.0 0.0 0.7660689193242094 1.5115855824513098 2.2610405806334093 3.0114989459144503 2.9448948838461537 2.8781625535064608 2.8110973372697807 2.7437571822195608 2.6027583669806615 2.4618697885185936 2.3210970638708437 2.1804296519170046 2.106907132389488 2.033273692516052 1.9595399795178292 1.8848168276258521 1.8215156880441596 1.7564448237773689 1.6914781651984434 1.6226772943096974 1.571362385821911 1.5213487406304635 1.4681452610359256 1.4138238714851685 1.3744910424170005 1.332576537089754 1.2947569112267252 1.2542838025543328 1.2182256560401674 1.1856606880173208 1.148597455501989 1.1064819422877914 0.7900977551360739 0.5148326815921873 0.256069904279325 0.0 0.0 0.0 0.0 0.0 0.0 0.0 0.0 0.0 0.0 0.0 0.0 0.0 0.0 0.0 0.0 0.0 0.0 0.0 0.0 0.0 
0.0 0.0 0.0 0.0 0.06385809874405826 0.12800683632194376 0.1924527468558453 0.24804576990376115 0.4641395350174245 0.6801435400075019 0.8906417616756093 1.1016121690117804 1.1459641075304208 1.187080454509955 1.2313961521236494 1.2758456693043025 1.346206294442525 1.4166499687542782 1.4869409159272895 1.5573910194938998 1.6325188517848694 1.70811257651211 1.7827386432619101 1.854420767728492 1.9402725099126528 2.025575113454229 2.110755834952987 2.19595836091891 2.276191065838113 2.356164520740615 2.435851409393509 2.5152837429973927 2.5989986937706178 2.6825329393216846 2.765874492531583 2.8491294650499057 2.3329786319509798 1.8174521507515418 1.3067228366418986 0.8035305698987285 0.8037997954373931 0.7846506704691316 0.7593597384265233 0.7392497138952537 0.7653916057103987 0.7879420507895969 0.8119628554830016 0.8196250288748221 1.36470565348271 1.918214772366094 2.4733928222228063 3.0285176638937275 2.9678388676434517 2.9068318390831114 2.8454775767550164 2.7837201749722107 2.646154777385113 2.5086551346167525 2.371207116718744 2.233814727548935 2.157740134824109 2.0816211024007423 2.0054596350246476 1.9292992709589258 1.864638932552371 1.799367274412287 1.7316759388277352 1.6641993151881365 1.6108512209681662 1.5578792167391984 1.5012929262930919 1.4430989849918423 1.4016332672806806 1.3584661374378975 1.3193480717408237 1.2700242463088252 1.2377439614736534 1.2069331579775104 1.1731582469297384 1.125559371673769 0.859833375792833 0.5444334945818399 0.2711410590323852 0.0 0.0 0.0 0.0 0.0 0.0 0.0 0.0 0.0 0.0 0.0 0.0 0.0 0.0 0.0 0.0 0.0 0.0 0.0 0.0 0.0 
0.0 0.0 0.0 0.0 0.12790554509915425 0.25639478682679717 0.38548068503241306 0.49769770251445555 0.674658187824908 0.8205575783687076 0.9663111047770319 1.10918346187061 1.1512552472940993 1.1934645871637861 1.2357294252811177 1.2783414605964567 1.3515513755816917 1.4247263797723408 1.4977010414766494 1.5697459729416927 1.645716098088181 1.7215969345037496 1.7973034601771896 1.8709474908316075 1.9597894913044955 2.0476997465778464 2.135421288907116 2.222759688635417 2.3025289361498524 2.3823220041821713 2.4607341928645576 2.538916821527579 2.6255681513400644 2.712000250052145 2.7982462593839617 2.8842956438613356 2.5546395352198585 2.2251460019078673 1.897289398482457 1.5749357364289114 1.5460425023884679 1.521070205288651 1.472774933046752 1.4245342813651223 1.4783275930802229 1.5332938089898132 1.575967779505592 1.61545224314207 1.9691314820686985 2.32734395521594 2.6863267948692253 3.044882255867952 2.9900610297123187 2.9347875641420895 2.879057812098826 2.8228473147151822 2.688753480334609 2.5546557087729234 2.420557970085312 2.2864634746832095 2.2078885359929 2.129330531076981 2.0507907501077285 1.973252356699417 1.9072594192328436 1.8395074249491108 1.7717475563093787 1.7069711531777187 1.6503208342785356 1.5920475495694588 1.5310432691557956 1.4739208268568023 1.4295976403618251 1.3805126464881008 1.3327010935166654 1.2867250840780002 1.2573066799640225 1.2397452381008593 1.205693670444447 1.1355619178384224 0.8712213485373759 0.6079212267168681 0.2818821062445451 0.0 0.0 0.0 0.0 0.0 0.0 0.0 0.0 0.0 0.0 0.0 0.0 0.0 0.0 0.0 0.0 0.0 0.0 0.0 0.0 0.0 
0.0 0.0 0.0 0.0 0.19214663245871177 0.3851722804333544 0.5803978186163672 0.7786262656434144 0.8653503993402458 0.9512698785006424 1.03763676571658 1.1225732122142764 1.162107457794923 1.2015790341588395 1.2411278164413888 1.2806982181676978 1.356244621394976 1.4318046268963587 1.5070172690655679 1.5819243753235566 1.6586759691521107 1.7353399043493902 1.8119619690060569 1.8876931298860162 1.9784724897955637 2.06799249004135 2.158573618585012 2.248945894685282 2.3281075682607444 2.406131278881465 2.484135932797174 2.5619582598790966 2.651455585115314 2.740744570619194 2.829823945001867 2.918730700788309 2.776640769179181 2.634390311426828 2.4927226363906145 2.353815685970827 2.2924811945482073 2.2468290719783317 2.1632429152359034 2.0887223633711205 2.1780974661674706 2.2771693891235847 2.337655900980036 2.4171718947511054 2.5768877762428275 2.7382588426666277 2.899622603515561 3.0605838652284776 3.0115521097191436 2.9619646584494874 2.9118197254624105 2.8611171924485967 2.7305116202625794 2.599848553589799 2.4691320995781654 2.338368422707469 2.2573466136862366 2.176401779480498 2.0955349595532304 2.0152410620921755 1.9485115679236271 1.8790914697246541 1.8110054779644336 1.7462451937980203 1.6853273668853967 1.623111012978046 1.5611441982570682 1.501133288950614 1.452471620913724 1.3999587738251664 1.3491979702246055 1.2996878074514524 1.2743018655989875 1.256034998575227 1.227731641937452 1.1485704119925542 0.8776303382760865 0.6059188031357269 0.28182711258673776 0.0 0.0 0.0 0.0 0.0 0.0 0.0 0.0 0.0 0.0 0.0 0.0 0.0 0.0 0.0 0.0 0.0 0.0 0.0 0.0 0.0 
0.0 0.0 0.0 0.0 0.2486555387292002 0.49999081207398177 0.7747383065110117 1.0297955116679622 1.0564720382082085 1.0841351870468248 1.1114644249714953 1.1388526457095631 1.1754745390055579 1.2120415361075412 1.2486930698869343 1.2852864303903713 1.3629183780243592 1.440477772578587 1.5179464191976337 1.5951563941035491 1.6725967761814353 1.74983649189306 1.8269042650181098 1.9041280142634414 1.9968329492319041 2.0893790941454546 2.1817643832215463 2.27398792535748 2.351780504010557 2.4294427403084358 2.506972327150973 2.5843680372784776 2.676662411081361 2.7687489033823667 2.8606263629840196 2.952291912821213 2.998779878769629 3.0451280646461925 3.091620122997181 3.1390597820399995 3.044760902495387 2.9591627562633684 2.848787279724659 2.750338149593465 2.8764521163177528 3.0049167834668467 3.1094613085632234 3.2257521725119376 3.187896429747697 3.1506799166596933 3.1132898569606144 3.075598861410131 3.0322849126132536 2.9883296845056484 2.9437386007067605 2.898517473579094 2.7714333174665637 2.6442367668032745 2.5169337400524574 2.3895319792012537 2.306117408361206 2.2228377969869126 2.139694790191049 2.056688358863691 1.989255342671547 1.9217624469357544 1.8542086631791124 1.7853735021366068 1.7213900850732162 1.6564401640716522 1.5912876188978546 1.5244970324198355 1.4694285349886465 1.4154124433917872 1.362288299777153 1.305542255690384 1.265871507894782 1.2273997140401118 1.1908639042606013 1.1466291798677837 0.8851989396578424 0.640172840874051 0.3484991583282824 0.0 0.0 0.0 0.0 0.0 0.0 0.0 0.0 0.0 0.0 0.0 0.0 0.0 0.0 0.0 0.0 0.0 0.0 0.0 0.0 0.0 
0.01094506929542097 0.021930274208900414 0.03295672519390766 0.04293880749110733 0.2868446854258919 0.5470868105957889 0.7881806995073446 1.0298576034172808 1.0575296929572082 1.090778926377649 1.1177438160622086 1.1447431268670523 1.1834860082317835 1.222169274450795 1.26169103848775 1.3011640754658713 1.3805555557117042 1.459878287677581 1.5391459496686943 1.618116048757937 1.6936936435051666 1.769306359503314 1.8446380126354098 1.9196378569314354 2.009161556169897 2.098548669700491 2.1877969749297304 2.2769048718151543 2.358051169261096 2.4390457059042285 2.5198884948941815 2.6005768741904123 2.6990055826909902 2.797175901298018 2.8950865417212963 2.992733992136099 3.0403711832457625 3.0877324705454177 3.135026704546579 3.182584051752177 3.087927735482979 2.992218973525909 2.8922132309213824 2.7930164412139438 2.915216045799076 3.0370614009933385 3.1521296975770694 3.2701420013412843 3.2257563875333632 3.181230625214938 3.136343499205273 3.0910121997290063 3.0465357289969424 3.001420795942236 2.9556720128955476 2.9092965462452813 2.7900299429037263 2.6705656046918067 2.5509098622919586 2.431069800396596 2.3461721431773293 2.261408328016551 2.176779977491829 2.0922876906780465 2.023797073363954 1.9552759463068516 1.8867243780530996 1.817281587633312 1.7503022705815063 1.6828642783165604 1.6150273157350363 1.5460478463459897 1.4880950073366235 1.4302018112273713 1.3734803321544762 1.3091796364503563 1.2699115522364623 1.2307400118510907 1.1917849952846669 1.1361654132819528 0.9316898452263075 0.7307002235042517 0.5049448525111089 0.24765487122857077 0.17831853368520983 0.10876924670359114 0.05432266059104551 0.0 0.0 0.0 0.0 0.0 0.0 0.0 0.0 0.0 0.0 0.0 0.0 0.0 0.0 0.0 0.0 0.0 
0.021911981839062324 0.04390448668162565 0.06597974208091946 0.08596444952174008 0.31360958563128416 0.5747910658947205 0.8022440394925798 1.0300930143235183 1.0577051474259904 1.0856704839401838 1.1137104379487057 1.1426397877824623 1.185637056079425 1.2321365822818486 1.274541616351558 1.3154812193622187 1.396809613557229 1.478138453830136 1.5594723900721903 1.6402724556305408 1.7142537106309805 1.7879506895681736 1.8613178362835767 1.93456888330506 2.02089034722841 2.107097358427689 2.193187957227299 2.279159275006577 2.3636270593864452 2.447923773492805 2.532047618218929 2.6159977034031545 2.7205628649638163 2.8248187394961954 2.9287636499670304 3.032394741846324 3.0811130774149476 3.1295210162630878 3.1776194955046977 3.22541140160281 3.1315337803994954 3.0372805644473897 2.9426501405544037 2.847640364058888 2.964821073222657 3.0816855730046164 3.1982369658334004 3.3144767653627385 3.262965424821009 3.2109817372672813 3.158523576823314 3.1055905491122693 3.0599736189754756 3.0137182546973746 2.966831742857762 2.9193188666826835 2.8078466417334536 2.696090433590223 2.5840585786222787 2.4717610188751453 2.385422287671214 2.2992154754635 2.213143507210436 2.1272077369379208 2.0577087029061656 1.9882109975420872 1.9187131522621717 1.847746030714799 1.778161122794685 1.7092139551576278 1.6402679557003086 1.567971318495127 1.504344719913055 1.4409107988085315 1.3763039202147525 1.307217184670939 1.2624172024821407 1.2250292679721224 1.178580418759577 1.1263931557211642 0.9738426501102683 0.8323102655436552 0.6578764682262096 0.4850365089172438 0.3277463276672734 0.2176774411521744 0.10871445666574231 0.0 0.0 0.0 0.0 0.0 0.0 0.0 0.0 0.0 0.0 0.0 0.0 0.0 0.0 0.0 0.0 0.0 
0.032901518600667506 0.06592417019018955 0.10025585095111994 0.13037837960630397 0.37801150085337865 0.5943048422041997 0.8102917206298857 1.0283033158068207 1.0566768728412872 1.085291147630346 1.114299248056977 1.14401257642366 1.1907245494729775 1.2396130896830113 1.2856841510411108 1.3308327734075778 1.4138919342312222 1.4969932173765514 1.5800311815013721 1.6628889774451177 1.734640144164574 1.8062409333041982 1.8776497644006356 1.948920387261443 2.032019076390882 2.115024451387286 2.197934152564443 2.2807477113653762 2.3685061226885002 2.4560730734859275 2.5434484107046407 2.6306291239385144 2.741334188412441 2.85167773723256 2.9616597497458397 3.071275320665218 3.120980013183907 3.1703665773588394 3.219437910920602 3.268197762325006 3.177817737814319 3.0870908931070002 2.9960148938626077 2.904589556036128 3.018425311971562 3.131991481318524 3.245288755174405 3.35832208202686 3.2993150612579862 3.2398181680938904 3.1798264070946267 3.119337252371337 3.072601776999993 3.0252271012812253 2.977220556865044 2.9285869213437192 2.824883998011374 2.7208137859621955 2.6163848563144776 2.511606088174623 2.423868340450798 2.336260216819187 2.2487856084620996 2.1614476525518693 2.0909912144233873 2.0205666006149245 1.950172885280082 1.877290035168998 1.8059328903173664 1.7354624201642488 1.6652526604034708 1.591390035961239 1.522010509463822 1.452634108852509 1.3836876935333398 1.3084252890524777 1.2622381258822035 1.216791142880751 1.1679853289653934 1.112131704890222 1.0163786065178821 0.9225921540783031 0.8145655034269331 0.7075542811659277 0.4916961671156349 0.32970344804237794 0.16462456731491495 0.0 0.0 0.0 0.0 0.0 0.0 0.0 0.0 0.0 0.0 0.0 0.0 0.0 0.0 0.0 0.0 0.0 
0.0420032041997868 0.08418095659904182 0.13192746800594934 0.17256189066387467 0.41715397742572513 0.6203132704697343 0.8213294528425298 1.022834966961948 1.0531099237771973 1.0833037126610274 1.1141150627925576 1.1455548547490455 1.1958049113401086 1.2460377293751503 1.2961552395394653 1.3463102473617035 1.431239233051686 1.5156446995120323 1.6003318647134015 1.6844432735964936 1.7545522139247538 1.8242675598181863 1.8934233161886649 1.9626922335837114 2.042546142673816 2.122327856503702 2.2020353261921537 2.2816663066105733 2.3726856670757583 2.463493474424648 2.5540884891889597 2.644470506670647 2.7613191868289095 2.8777550992582324 2.9937759434332873 3.1093788648240768 3.1599723548785192 3.2102414028454516 3.2601881289693395 3.3098166422801683 3.2230065037078424 3.135879679150718 3.048434029580922 2.9606693183673727 3.0711207323122154 3.181349834122875 3.2913589431080874 3.401150459331542 3.3346963380436003 3.2677328752619053 3.2002545440769525 3.132256315246134 3.084424043548812 3.035949598664753 2.986839912233353 2.9371031966808068 2.8411461207674735 2.744737474064083 2.647889239046708 2.5506102150078362 2.4615130048751377 2.3725442901598335 2.283707693492564 2.195007117323193 2.1236435280751667 2.052342932995563 1.9811034747578078 1.9094550505374628 1.8359028441981196 1.7612648875070107 1.6868198168428048 1.6112057635368755 1.5342431902524334 1.4623282489132459 1.3869478394087287 1.3226501117697045 1.2668856338093981 1.207041022740642 1.1507453765893563 1.093264047077262 1.0505908606806096 1.0050069881919523 0.961971931471899 0.9241982563841558 0.7046136566038246 0.4298537180132831 0.21397262716880538 0.0 0.0 0.0 0.0 0.0 0.0 0.0 0.0 0.0 0.0 0.0 0.0 0.0 0.0 0.0 0.0 0.0 
0.08675987790934207 0.16782823342430858 0.2425674201018092 0.30527846156599703 0.5289044180206344 0.7127705697950905 0.8842740205119792 1.0555922492608805 1.0812112737076678 1.1077676952783628 1.1377395535992294 1.1645612353761554 1.2109945468623555 1.2580130539133259 1.3060417736277883 1.3522431266266421 1.4348528207803153 1.5179698253826686 1.6005307633862618 1.6833331135852747 1.7581220077908037 1.8335439567967828 1.907860330595538 1.9817415191073415 2.063843612787331 2.1458280498568265 2.2276923617057793 2.309434811199006 2.399743786004948 2.4898134811121064 2.5796430063588196 2.6692317683039803 2.7902173113500517 2.910863908350051 3.0311690878832653 3.1511309494349815 3.199204267979234 3.2469316941051316 3.294313655992175 3.3413542683041255 3.2425283498064763 3.1433568412697053 3.0438398272004656 2.9439746540026555 3.0600317523824394 3.1758991554783385 3.2915809779541148 3.407080064954288 3.3581142285544563 3.308689720599804 3.2588032771517907 3.2084500755479315 3.1501035895832796 3.091089125029597 3.0314125336858293 2.971078489854184 2.8688421413289915 2.766146289394319 2.6630040761806075 2.5594219121842103 2.469124736919321 2.37885982729113 2.2886322238097976 2.1984448749099044 2.127621301781498 2.056847942231189 1.986122722025764 1.9146999543788534 1.8377912882418443 1.7591864825151 1.68234665781458 1.6042802977470516 1.5299561840452172 1.4574543410898446 1.382317651443178 1.3166403836650762 1.262522646700864 1.205790540013612 1.1520187235894483 1.0966340226663083 1.0614196357485166 1.0135365492966184 0.9769241942042401 0.9451232886943002 0.6616847141349937 0.4557902780871508 0.22706817528861242 0.0 0.0 0.0 0.0 0.0 0.0 0.0 0.0 0.0 0.0 0.0 0.0 0.0 0.0 0.0 0.0 0.0 
0.12447587121601061 0.29790056532731657 0.33515524419168125 0.43795308663021193 0.6495415021739349 0.7828337910742449 0.9226668947564016 1.0658949182797783 1.0923408094890863 1.120107384233993 1.1488315003197598 1.1719897366696232 1.218719328586034 1.271178245026659 1.3164285298700875 1.361378075598687 1.4416964385816073 1.5208748797631682 1.6020356148387846 1.6836372191210138 1.7635149336480413 1.8433006533055556 1.9219004509256292 2.0003935819192757 2.0846994947081 2.168840815318865 2.252815900514749 2.3366246019354735 2.4261525695091253 2.51541229133322 2.6044022368526996 2.693122710303969 2.8182148599899 2.943043966120654 3.0676066708655574 3.1918987713024944 3.237493934420558 3.2827205772926864 3.3275812032726293 3.3720761428836026 3.2611247308458786 3.1498026708268023 3.038107389985225 2.9260363211137737 3.0477311067220096 3.169271574534523 3.290661181920346 3.4119056435857007 3.380499061121377 3.348686510896901 3.3164628904305635 3.283827724590574 3.2149617659385 3.1453990861280774 3.0751458336788033 3.0042051110193126 2.895720042776059 2.7867718127954957 2.677367031579283 2.567514755704022 2.4760491935854994 2.384522628907188 2.2929379237149368 2.201299249951317 2.131001738569818 2.0607426827377338 1.9905193913046002 1.9193068507000817 1.839062454888937 1.757505388050236 1.6788793487219742 1.6002583274434707 1.5268279576909798 1.4548974509273072 1.3801207443551275 1.308231598524044 1.2555694781498685 1.2020072329959821 1.1483345235545792 1.0906171816102272 1.0576748883579918 1.0249434819029184 0.9939045115559921 0.9622781512539313 0.6885767271809808 0.5060737286559129 0.23915994830230616 0.0 0.0 0.0 0.0 0.0 0.0 0.0 0.0 0.0 0.0 0.0 0.0 0.0 0.0 0.0 0.0 0.0 
0.15461264959402948 0.29319320465714444 0.43942634652909657 0.6533680185501389 0.7538767868061513 0.862493256100346 0.9687268861634968 1.081583387142987 1.1088052766381615 1.1361572612160518 1.1639255838164706 1.187353522201656 1.2315561742514696 1.2770518119062482 1.3215340414804537 1.366099486926256 1.4443463002412056 1.5224500646475851 1.6017938597155696 1.6797758124266382 1.7648520310008158 1.8498721344848006 1.9342899710539316 2.018645730869049 2.1051094286968373 2.1913617415055024 2.277402497458622 2.3632315763648046 2.4519070813092254 2.540284259869167 2.628360924194838 2.7161374414352304 2.845308319041652 2.974291266830116 3.103083978641517 3.231682170798784 3.274840708175316 3.317608818626683 3.3599884270847844 3.401981424678855 3.2787955717048725 3.1552149668225913 3.0312345225695583 2.906850255740957 3.0342157492400617 3.1614621822402134 3.2885956469231408 3.4156226805514036 3.4018487154998978 3.3877198582715624 3.373236217790235 3.3583937826822154 3.2790013219847847 3.198883299903401 3.118042298664693 3.036481666713855 2.921783128483654 2.806612673340384 2.6909787005659163 2.5748877633831038 2.482286925126639 2.3895309240701623 2.2966230795489455 2.2035671522273903 2.133783787709596 2.0640255779488843 1.9942915576624185 1.924065631237052 1.8416273975801452 1.7569219920243606 1.6760868280520205 1.5948025224570086 1.5210579447981774 1.446839221001944 1.3718333200901924 1.296909432755754 1.2474163193482524 1.1926399272227415 1.1413381341002309 1.0878841177538228 1.0598373642793864 1.0305877260663452 1.0026032497123036 0.9750750394251684 0.6992888576112819 0.47888252068129733 0.23983841988828386 0.0 0.0 0.0 0.0 0.0 0.0 0.0 0.0 0.0 0.0 0.0 0.0 0.0 0.0 0.0 0.0 0.0 
0.17794459758648914 0.35554410226306277 0.5344991974233357 0.7872533141797964 0.858468803781617 0.9344805529870251 1.0074031027411148 1.081428461954222 1.1103983313776633 1.1393643303154048 1.1690141590152556 1.198498229295415 1.2414276405707558 1.2844331422021869 1.3274055486139251 1.3720784995369577 1.4477501805691617 1.5235922305256713 1.5993081719228166 1.675472811818584 1.7657574830789264 1.8560211762859744 1.9462663656835553 2.0364951743330235 2.1250699977619867 2.2133881316324953 2.3014479871696434 2.389251529682805 2.4770034189553876 2.564424706783961 2.6515146626346953 2.7382715390458934 2.8714921803792075 3.0046033259080946 3.1375993379295837 3.270478240807786 3.3112421159407175 3.3515947542110403 3.391535103947186 3.4310678094004023 3.2955382882747557 3.1595892878217944 3.0232175215678714 2.8864122173952733 3.0194802732184804 3.1524663718985257 3.285379114604663 3.4182254217087364 3.422160397249491 3.4257923393166383 3.4291217512108547 3.432150095881876 3.3422245150593213 3.2515419147158466 3.16010350615085 3.067910019898162 2.947029387131149 2.825670157449557 2.7038386605947853 2.5815416385274386 2.4878369089810963 2.3938838104098012 2.2996865720349327 2.2052482793837918 2.1359652097060122 2.0666950625658806 1.9974378839746518 1.9274068189018074 1.8421213907916172 1.7572457653545999 1.673015366785742 1.5879137860989556 1.510851445301806 1.4340896816203834 1.357613764143116 1.2819280905190373 1.2322163400918433 1.1827415598920186 1.1335982214851057 1.0891901753829005 1.062640558847482 1.0300268813792823 1.003203051818999 0.9746807372918257 0.7034226821374521 0.4491998997131269 0.2443211195352881 0.0 0.0 0.0 0.0 0.0 0.0 0.0 0.0 0.0 0.0 0.0 0.0 0.0 0.0 0.0 0.0 0.033611704700807515 
0.18934550310031112 0.3762459189815085 0.5680389426417238 0.8415728528921862 0.9011473614721619 0.9639842382219213 1.0273371288079054 1.0914627476856105 1.1217717511910918 1.1517164862418632 1.18231486105659 1.2127856972798683 1.2526116141056738 1.2924193807566864 1.3322926074688897 1.372059797126128 1.4471197936860483 1.5222583773623173 1.5972653847368243 1.6718194475149024 1.7622941152669833 1.8527701135501404 1.943248242385603 2.0337317103089543 2.1226105906395034 2.2112335823863147 2.29960146772825 2.3877145377520863 2.476954814477506 2.5658685931675773 2.6544559658448064 2.7427162705217256 2.876521261085668 3.0101946556981094 3.143734243974152 3.2771366793506775 3.318777739443914 3.3600830387684066 3.4010532515202145 3.441690736444513 3.3004345527617147 3.158758728216794 3.016654314215951 2.874115607320516 3.012135662995897 3.150017087703163 3.287765648734604 3.425390951978752 3.434981179970049 3.4443106610552885 3.4533821389710044 3.462193546058799 3.3769521597655316 3.291049082402433 3.204486747835853 3.1172666640857436 2.991271952832805 2.864734109602839 2.7376587683471127 2.610052281342134 2.506062655535208 2.401809030250844 2.297290925664513 2.192511867691608 2.12039415623392 2.0482765923199797 1.9761582623119796 1.902699852142225 1.8204785262648193 1.738558563514633 1.6571401627229196 1.5735973262787284 1.5012557673322275 1.4288695865304728 1.3562509844426809 1.2837723936543877 1.2394597128505487 1.1951866373446929 1.1505434964615917 1.1076820452206286 1.0809198398773165 1.0491130781168716 1.023862148239751 0.9897677302965343 0.7121309177240238 0.45329807202150607 0.23305925704551547 0.010404632545018848 0.0051680414334260814 0.0 0.0 0.0 0.0 0.0 0.0 0.0 0.0 0.0 0.0 0.0 0.0 0.0 0.0 0.0 
0.1999101139220328 0.39783360833249554 0.6185268785038311 0.8837178951903235 0.9352373112560612 0.9946942432591874 1.047413165236427 1.1017351360646641 1.1330313589949572 1.1640149824887458 1.1950147093138226 1.2257908522511616 1.2625470840310729 1.2991752448711917 1.3356474645339422 1.3721734683957125 1.4464064451210332 1.520747738415154 1.594126808593932 1.6677929475811695 1.7584657575931235 1.8491602752138117 1.9398785803102223 2.030623141492406 2.1197383238651786 2.208599104092547 2.297206790189156 2.385562347437842 2.4761895779706125 2.56649408241244 2.6564767415395076 2.7461371609749774 2.880518560621822 3.014748778791396 3.1488245759623408 3.2827436159245917 3.3252337193906767 3.367465686595232 3.4094421279337705 3.451163317591737 3.3042828909580466 3.156978261810663 3.009243955826149 2.8610722413438783 3.003917516091466 3.146563343213338 3.2890172553058523 3.4312877446144245 3.4465603450480167 3.4616151950238994 3.476453947170599 3.4910776644272374 3.4106426449016167 3.3296456347051313 3.248090410462474 3.1659796858592197 3.0348830128286863 2.9031795591686356 2.770872735295809 2.6379652539547416 2.52372822767553 2.4092088568397845 2.294407061633589 2.179323242067559 2.104336944265478 2.0293388706795032 1.9543257761545005 1.8772479941239757 1.7981321340360708 1.7190369694089265 1.6403061057583308 1.5595759976251138 1.4911155246175793 1.422989106652709 1.3538724047150903 1.2857686362341245 1.2463152532038526 1.2068621011895626 1.1688242366826227 1.1245840952012758 1.0971747185176115 1.0662756202411428 1.0413115593824511 0.9986846137172214 0.6971072537699061 0.45728125395258357 0.2286716441427167 0.01923103266057651 0.0 0.0 0.0 0.0 0.0 0.0 0.0 0.0 0.0 0.0 0.0 0.0 0.0 0.0 0.0 0.0 
0.2111950073823491 0.42315778553757943 0.6535036347788634 0.9273915144289835 0.9701768529578989 1.0176653502554882 1.0610061520673835 1.1063616594177135 1.1393511687124698 1.1720613517871616 1.2047055787196324 1.2372706660547006 1.271082695559448 1.3047205275677318 1.3381642286773934 1.3713287186573786 1.4445260906032802 1.5174407854815244 1.5902036415628658 1.6633923523683247 1.7542702419257767 1.8451901786090321 1.9361549512248404 2.027166713820329 2.116451180484609 2.2054816628689196 2.2942618521502633 2.3827918046664083 2.4747043666232873 2.566298197915084 2.65757444692861 2.7485309765180705 2.8834829540770026 3.018262038754651 3.1528668652575633 3.287294977184281 3.330605948633095 3.373739595262883 3.416697265465767 3.4594812391140426 3.3070768238210366 3.1542462491245016 3.0009816462710894 2.847275610371687 2.9948192839750742 3.1421010181315108 3.289129128557252 3.4359130615129985 3.4568925045486867 3.477698799251249 3.4983333409650976 3.518798291253212 3.443290193789809 3.3673279489933012 3.2909130141796474 3.214048737794044 3.0778659625162788 2.941009186029859 2.803479887244813 2.6652811225785227 2.540832939938449 2.4160850620555037 2.2910343517573537 2.165680820311554 2.0877936770907466 2.0098812121808374 1.9319406489836677 1.8524433725493976 1.77594206453562 1.699932675024971 1.6237172002089038 1.5460946142560306 1.4810893950233541 1.4161786112383152 1.350794520823346 1.2863832642062318 1.2518976795197632 1.217392084477686 1.1835751207366525 1.1390393645970045 1.1149122584839462 1.0802159666694742 1.0567525601398249 1.009709000922747 0.7018629910566893 0.46376714453764506 0.23161721884957598 0.0 0.0 0.0 0.0 0.0 0.0 0.0 0.0 0.0 0.0 0.0 0.0 0.0 0.0 0.0 0.0 0.0 
0.2229552283318208 0.44671558311263326 0.685282874896318 0.9746419774679558 1.0077758766510438 1.041025864877314 1.0747602417930042 1.1097391190024761 1.1438416130915332 1.1807654683932567 1.215345092015885 1.2509075239601528 1.2806633188798795 1.309856688498934 1.3376012450518395 1.3647432517451217 1.436632739290591 1.509568422254051 1.583944299997797 1.6586159106567444 1.7497056311244537 1.840857521328398 1.9320749813588025 2.0233605023608248 2.1127456467909917 2.2018790079530595 2.290762751161709 2.3793985496984993 2.4724954150783915 2.565278693605874 2.6577456077417505 2.7498971800476655 2.885410075137109 3.020731344426795 3.1558583756391383 3.2907895349290164 3.33489030687363 3.3788980397120856 3.4228147447650104 3.4666408164092424 3.308812980370382 3.150555478699691 2.991860534666328 2.832720486097065 2.9848337777232103 3.1366225066222233 3.28809447394213 3.439259640511861 3.465973851796404 3.4925591750816354 3.5190179371921424 3.545352288423352 3.4748956796904364 3.40409510505432 3.332953588070758 3.2614731400603794 3.1202186478484553 2.978221070888388 2.8354814026319 2.692000835594983 2.557378032733284 2.4224364345986036 2.2871736016908146 2.1515856080839075 2.0707636063335277 1.989904068479627 1.909004017918741 1.8255469491984782 1.7513126636928824 1.6756071291693073 1.6012456272195186 1.5288101265971674 1.4654228176531938 1.4022838469164856 1.339648047553736 1.2768793670712195 1.2411813263243903 1.1961843763539668 1.1599933223153946 1.1222281801779928 1.0958160542210857 1.0688436776128636 1.0449032890488121 1.0210364816524982 0.6887216966544791 0.45621180210499834 0.2278520934582297 0.0 0.0 0.0 0.0 0.0 0.0 0.0 0.0 0.0 0.0 0.0 0.0 0.0 0.0 0.0 0.0 0.0 
0.22474667161636902 0.4502973217545405 0.6912739272302091 0.983520936197084 1.0157306034883267 1.049633363854612 1.0833139525290993 1.1155341966784036 1.1482351717093466 1.1825756568147872 1.214373411925511 1.2422400704741012 1.273300987244805 1.3044969228724872 1.3348521801392388 1.3633637897296453 1.434942838042063 1.5075542034930987 1.5812252980898678 1.6548583194424265 1.7399492780013834 1.8250709331901556 1.9102266334539377 1.9954191300388915 2.0847902841822665 2.1739768334020284 2.2629801711605135 2.3518020054829814 2.4461294407507825 2.540161352543971 2.633896877928733 2.7273330618956737 2.852258891941533 2.9770478168371026 3.1016977050703614 3.226203625054987 3.269102583597367 3.311846244004579 3.354437800727765 3.3968784819676534 3.2475118200740036 3.0976553744170117 2.94730148282345 2.796445871001726 2.946932021381949 3.0971354655659145 3.2470672385892296 3.3967341237310134 3.415347528957869 3.4338105339577263 3.45212742617181 3.4702952120953228 3.405097054255709 3.339496403200224 3.2734969623144616 3.207102994622462 3.07869416419586 2.949658105708351 2.819995172218257 2.6897097572675266 2.5546427693624008 2.419305485100062 2.2836957100559063 2.147810758713245 2.064927027570995 1.9819769013286663 1.8989560540496337 1.814867096384578 1.7413653531662527 1.6666491378306225 1.5932834172350627 1.5200757901935873 1.4596778375084862 1.3990639109684229 1.3394225196360363 1.2818100528585172 1.251223355230815 1.1975997130145677 1.162774670566425 1.1299059364324018 1.106338915559641 1.083519702625241 1.0661385610389307 1.0449978681748906 0.6937132106724763 0.4595612926491262 0.22950184885612432 0.0 0.00892165293915849 0.11309987492834536 0.028659565484934497 0.03864781611317103 0.028235581321837164 0.01878340077607797 0.00937191555326566 0.0 0.0 0.0 0.0 0.0 0.0 0.0 0.0 0.0 
0.22650827584063826 0.45382425283014804 0.7510773841422771 0.9874448693051461 1.019942068333773 1.0527185960191026 1.0868451709581612 1.111877933439951 1.1424855303720305 1.1722781265510713 1.2027389249064275 1.234124853497263 1.2659844441895878 1.2996897059842576 1.3321168799516874 1.3610533430122675 1.4317103675643619 1.505252928300365 1.5779765694026542 1.6506692642438248 1.7297268167939381 1.8087838924048891 1.8878415258469148 1.9669029510075946 2.056227367545776 2.1454338147677148 2.234523560310581 2.3234981525718013 2.4189821642206706 2.514189859466801 2.6091185405849107 2.703767944657109 2.8180009059729976 2.932153207709344 3.0462215934434607 3.160199405721395 3.202000546130428 3.243588174551647 3.2849637652023427 3.3261273875699136 3.185286185028505 3.0438972064704855 2.901951354941777 2.759446613487974 2.908182150776357 3.0566799408279923 3.204946755654448 3.35299206405153 3.363505380555095 3.3738486475643272 3.384023260423639 3.3940285524528235 3.33418192214213 3.2738757511539633 3.2131146799878687 3.1519017434671586 3.036381843614948 2.9203509780334587 2.8038144323083722 2.68677506848554 2.5512998392010573 2.415603110136722 2.2796823779387836 2.143535922373392 2.0586372349123154 1.9736406012630967 1.8885422269586734 1.8013678484055984 1.7278182573960712 1.6536172996238636 1.5789421470043945 1.504096526981581 1.4429736416160441 1.382758371391924 1.321910569591688 1.2653474460970826 1.2316384403229044 1.1979786838161508 1.1642738887512494 1.1281175760814637 1.1037715297057602 1.0821655880469034 1.0586864168833152 1.0344775856722705 0.7151725264209647 0.4628249802199478 0.2311090534808758 0.0 0.017843743132765523 0.03699517411357918 0.10313014543042924 0.07786705906311145 0.056474659664172894 0.037569437993575414 0.01874531126682196 0.0 0.0 0.0 0.0 0.0 0.0 0.0 0.0 0.0 
0.2296266962586005 0.46008298391915814 0.756406949708569 0.9955471513063381 1.0274173081134923 1.060593825513646 1.0930727213046263 1.1125812408853757 1.141392037675435 1.1699876940261582 1.1993107025040528 1.2225756950571003 1.257468784763783 1.2955387847651023 1.331916020949335 1.3640553767599413 1.433711773602512 1.5057068768814708 1.5759081891836777 1.6460470680214536 1.7190373441908275 1.7919932505327116 1.8649164612697042 1.9378092393727702 2.027053187862149 2.1162475116089547 2.2053913354707824 2.2944860247410825 2.3910532305476577 2.487362847198835 2.583412389183235 2.679199644233883 2.782636190470602 2.8860468484812367 2.989427223782801 3.0927713969710275 3.133583531544307 3.174121590917432 3.2143885986461562 3.2543856927907795 3.1221346235517045 2.989276465819513 2.8558069678377205 2.721721832779624 2.86858502789921 3.0152533201308693 3.161733618578892 3.3080319121349433 3.310446005609892 3.3126704172245027 3.3147045028336777 3.3165485835751527 3.262147671072113 3.207230782654512 3.1518026095258875 3.0958675067327857 2.9932787827413554 2.8903014080975624 2.7869401369175293 2.683199431289565 2.547350716466543 2.4113290355231367 2.275133290776525 2.1387613272385417 2.0518928677567745 1.9648945166219653 1.8777607309643156 1.7880969719991886 1.7151498314878493 1.6409565701584365 1.5677424133070006 1.4939426370268962 1.433726825463155 1.3736539501884737 1.3135496431196616 1.256033289592767 1.2215026563778697 1.1876771502215862 1.1540238406299088 1.1180726894801432 1.0961026301748291 1.074003506944907 1.0515502720937948 1.0296204727858072 0.7214206951343957 0.48941133932217934 0.2442998897270977 0.0 0.028815529555064355 0.05571098213356941 0.08683135450958146 0.11502214191496035 0.08471857931093896 0.05635901414086113 0.02812062961114379 0.0 0.0 0.0 0.0 0.0 0.0 0.0 0.0 0.0 
0.2151716057997735 0.4309726776399414 0.7394516604677495 0.9812146594965572 1.0119968635466954 1.0418774967905065 1.0730511126916595 1.1215811814156615 1.1444945495080228 1.167462755334371 1.191040418560052 1.224578179729972 1.2606536410481355 1.297057900122898 1.3334192539677412 1.3700760318982468 1.4374135533063752 1.5053991646753837 1.5727730038449135 1.6412264479063903 1.708140961108286 1.7749868425695234 1.8415939675127326 1.9081325433460874 1.9972649563246359 2.086413346338785 2.175578878676679 2.2647622444357096 2.3623397016236796 2.4596793382486464 2.5567766565375627 2.6536290338863258 2.74616344211244 2.838726417961968 2.931313538783039 3.02391672549048 3.0638457800625676 3.103442047914954 3.1427088324226196 3.1816465861822465 3.058051124216827 2.9337902321983993 2.80886299554812 2.683266088355902 2.8281358751582397 2.9728536428579106 3.1174231755954613 3.261853072658072 3.2561670829314484 3.2502724193718837 3.244167106343486 3.237850464016419 3.18898923800039 3.1395562111751483 3.0895571846356447 3.0389969585092578 2.94938427357636 2.859507138563474 2.7693715254609375 2.678983794061109 2.542796646260919 2.4064848378256207 2.270048225087676 2.1334857103642637 2.0446942632024028 1.9557373844608434 1.8666104111049329 1.7760917327106902 1.7029721485427995 1.6295835441179802 1.5560872683910358 1.4823140595184099 1.4221650652901996 1.3620440587051958 1.3027782057442523 1.2433489495749797 1.2092226047203165 1.174591480720718 1.141629557631772 1.1085385279291116 1.0900304872429927 1.061921510478587 1.043882009561797 1.0283545865317874 0.7318106955050525 0.48551913540143554 0.2423536017889289 0.0 0.03978719344749634 0.07937904810012626 0.11878058466005294 0.18878154820156595 0.12865402563212924 0.06944206018001564 0.03325337184220169 0.0 0.0 0.0 0.0 0.0 0.0 0.0 0.0 0.0 
0.20533969542286967 0.41126387164604084 0.7210911915907415 0.9608901831378538 0.996679570412891 1.0334212687651303 1.0666614782971688 1.0967131191376303 1.12092317987887 1.1457084440366163 1.169875491187999 1.200748281341915 1.2371803981976448 1.2737533753205277 1.310662209521749 1.347529356342363 1.413190618000069 1.479034189938854 1.5445953769934309 1.6108032624473032 1.6785685786373077 1.7462801433306678 1.8138230041298293 1.8813149707854577 1.9732991520630019 2.065359534564804 2.1574960065501383 2.2497105276946017 2.3460398688744757 2.442166615783666 2.538087157059088 2.633798835352936 2.723117713519487 2.8123294786579915 2.9014296574125877 2.9904099528504258 2.9975438567361166 3.004290493598073 3.010650509463471 3.0166229334156953 2.924118286968044 2.831016785072421 2.737317101871812 2.643019242999995 2.756987408938251 2.8707268213660324 2.9842416231159845 3.0975339287987973 3.1184631437845187 3.1390845743148947 3.1594005753833967 3.179409451173359 3.124973702736443 3.070052696627526 3.0146511015150392 2.9587742602634743 2.8686824164492455 2.7783610727673773 2.687813542919365 2.597046078714767 2.4719502298296883 2.3467744041425265 2.221518652357275 2.096184734144223 2.0089214774100226 1.921518084573123 1.8339695695852825 1.7450263982640641 1.6732001623841177 1.6011182333201588 1.528974201271407 1.4565657772131022 1.3998985940274755 1.3432288755924144 1.2874623054990464 1.2318061175889388 1.20291087920027 1.173654510342142 1.145519704424267 1.1171826547261605 1.0433586604036293 0.940985212585874 0.8640446450886451 0.787876142284898 0.5495746889774498 0.3640262517280285 0.18171026937284263 0.0 0.029841272232961312 0.05953656947748212 0.08908960534420542 0.1271359229451326 0.16570371801273528 0.2257196655940463 0.20824349609146625 0.18013136667639618 0.134707280681013 0.08954789767639681 0.0446473852749897 0.0 0.0 0.0 0.0 0.0 
0.195467321436747 0.3914731989718242 0.6927297333186302 0.9000235817869393 0.9425991174068273 0.9904899448772024 1.0382785354183546 1.0932046423179738 1.112356777989182 1.1264735313287089 1.1518140889520476 1.1775435069360314 1.213981209763544 1.2532003520607415 1.2891808972237284 1.325018075244452 1.3888833199091635 1.45299680435813 1.5165055027587369 1.580121063422061 1.6486853540039417 1.7170870648312904 1.7855000644445487 1.8539154878155304 1.948691862134632 2.043602667447353 2.1386479553987243 2.233830371127957 2.328872154060175 2.4237478544935662 2.5184544385458603 2.6129890150612836 2.6990489310743735 2.7848678600305394 2.870437751013494 2.955753140967353 2.9301836975811257 2.904174048689743 2.877721212055964 2.8508249942492956 2.7893852845784135 2.727416631136087 2.6649193137415406 2.6018926356636047 2.6849745237555833 2.7677516769982153 2.85022659874525 2.9324008721378165 2.9798942331787917 3.026983921762043 3.073670469357131 3.1199549633203603 3.0599359485668023 2.999518219278455 2.938706752111858 2.8775037292830232 2.786983497959282 2.696266887822561 2.6053587731803747 2.5142639419515085 2.4003200818604826 2.286342003007076 2.1723308650456543 2.0582877365491172 1.9726799590906658 1.8869572611925984 1.8011161854858821 1.7138770082417687 1.6433290516866756 1.5694307850713711 1.4976988915126566 1.4261338691753163 1.3711528720556827 1.3164478392152783 1.2617735771848277 1.2078140137136717 1.1783457219061024 1.1489983690725127 1.1210439148214397 1.0922768166332353 0.9541229391243602 0.8168565890670947 0.6826153379236726 0.5497247587881945 0.3652335931561743 0.2426134673158698 0.12110588867046722 0.0 0.019895035421364338 0.03969309980643657 0.059396689993647264 0.06684420538674753 0.22764351368691038 0.43004748016151684 0.2732009303664278 0.3604794772627199 0.2691385798578975 0.1789130302513643 0.08920399326783443 0.0 0.0 0.0 0.0 0.0 
0.19226489775835479 0.37584201161247965 0.5711502576632147 0.8543331946741141 0.9039090949510058 0.9584905970140463 1.012886848360251 1.0717361642403307 1.09090274546088 1.1031722484995101 1.1290035314687672 1.1544299651133314 1.1912030787741992 1.2309355305773995 1.2668524438345923 1.3030673154484906 1.3648513851716542 1.426600828854985 1.4878567007831185 1.548816295481906 1.618152692157826 1.6874427441705442 1.7567854748500484 1.8259317572852014 1.9234402376370814 2.0211392303385916 2.1190315702077345 2.2171185342733812 2.310834207821081 2.404420927559066 2.4978748088798404 2.591193520266078 2.6739538890584056 2.7563344651786075 2.8383317461874364 2.919938148784543 2.861754795279848 2.8030777437839096 2.743902554743526 2.6842267886585707 2.653832210421778 2.6229756686098966 2.5916584609110522 2.5598808953133547 2.612086928258089 2.663914776537241 2.715362532120243 2.7664328523548996 2.8404456258426976 2.9139574040895413 2.9869697702365605 3.059484267988443 2.9938733463125486 2.92794985886224 2.8617184329874332 2.7951821711167617 2.7042830259671997 2.6132220578401673 2.522004420862403 2.4306343602155764 2.32790484175259 2.2251867940205616 2.1224831372851862 2.0197959974247075 1.9359703195278088 1.8520556570616913 1.7680488644033567 1.683311456719955 1.613421687629292 1.541598182802156 1.4709567906257492 1.4000592760514112 1.3486925827432688 1.2964106685205066 1.2448450299836393 1.1930594275071327 1.166254588800653 1.1387572309604823 1.112166623396035 1.0850379693939716 0.8854751466090836 0.6869968242679917 0.48999553390100503 0.2915341261934923 0.1822171939968883 0.121273670418421 0.06053694694350005 0.0 0.009948080331996175 0.019847855696531268 0.02970057286225132 0.03342973238485744 0.1956177963391928 0.2736044849499619 0.5208485310328378 0.557324619266472 0.4108927090293544 0.2680980820386094 0.13367125657203335 0.0 0.0 0.0 0.0 0.0 
0.18713626447614579 0.3748671650230897 0.5641425400769173 0.7993293146368099 0.8527525595277556 0.918550408178586 0.9731348393591877 1.029207236654749 1.0543647490458583 1.0871985925822116 1.112485029754044 1.1367408119755757 1.1725691376092597 1.208598112844833 1.2448277696091075 1.282698847245531 1.341929332077663 1.4009374243257047 1.4593229038035735 1.517495021928183 1.587740345323103 1.6578052246935409 1.7275854450221821 1.7987274864124896 1.8987265264317257 1.9989713516847076 2.0983802409672596 2.1925331097627545 2.284453109282833 2.374488246572346 2.4678992016005177 2.563034108205029 2.6452583997108094 2.7271158247217575 2.8052995747714085 2.8829567150538846 2.7922438893925268 2.70098511272212 2.6091750083755088 2.5168071311126434 2.5174403128336147 2.5176859179470363 2.517558194723063 2.517047997323446 2.539025976388599 2.5592915398637133 2.5796352576078396 2.599610041696769 2.700100979560876 2.799993627569684 2.899290351984221 2.997993907808574 2.9267803183601844 2.85534273449655 2.783682664237624 2.711803739599524 2.6205775543715193 2.5292246963836997 2.437749308468712 2.3461570705890797 2.254703817467581 2.1633094053677917 2.0719776973031374 1.980557212190425 1.898644055182761 1.8166677696623608 1.734610306317192 1.645844553947923 1.5750191415136232 1.5042275092921114 1.4332765525424755 1.3620846268086253 1.3086592335419382 1.2556595560058934 1.2023991038467492 1.172634334465128 1.1478383476331262 1.1229463004731286 1.098091943541439 1.0200286120885274 0.7823106962803887 0.5470167995459418 0.30723019503929827 0.0 0.0 0.0 0.0 0.0 0.0 0.0 0.0 0.0 0.15708621702449918 0.31347290557596774 0.5925004916618557 0.7454549170185065 0.46171943704813384 0.28951093833034314 0.1444401506593619 0.0 0.0 0.0 0.0 0.0 
0.14045502036930774 0.28135334283757946 0.42382349164012567 0.609059622663195 0.7100483044751817 0.8139259119515305 0.9099415280420853 1.0072432447469541 1.0354139663847424 1.0700899560764856 1.0980635419748221 1.1240488648865856 1.1631403495866595 1.202441147013861 1.241845657136092 1.2816124146297896 1.340992165805651 1.3998973532463688 1.4581956156357563 1.5162894915338183 1.5846987834009163 1.6529348689951862 1.7208422521018067 1.7868516105679133 1.8831169272910109 1.9795980349767586 2.0741302076131207 2.1580857664095388 2.258240446337905 2.3525836116074546 2.4531261590558344 2.5534096036328346 2.6027661872380072 2.6493570058929046 2.693413754113884 2.736915428022673 2.672069284639533 2.606670803264489 2.5407142072197733 2.4741944221925625 2.3278988511120513 2.181172317416053 2.0340683783915425 1.8868907206816306 2.076570598879811 2.2263297207859902 2.3954019369810267 2.5644408790310362 2.63638698165913 2.7078005501543494 2.778679145016566 2.8490244808458547 2.8000590158737806 2.750796213687086 2.7012388217740066 2.6513897932618615 2.5656083953031468 2.479649438704987 2.393516008994685 2.3072130311837484 2.2181160245731704 2.1290454289896825 2.0400039477923415 1.9507536224466375 1.872994583868678 1.7951808395484503 1.7173026709156587 1.6359492244408709 1.5705661423008908 1.5044789603691315 1.4388537767748382 1.3729287784756559 1.3207142965583478 1.2687621043543271 1.2177800167354622 1.188138886141228 1.1607531092690788 1.1332655892895231 1.1061694451395732 1.026531702605371 0.787269497731022 0.5506655003496281 0.3086195051160582 0.0 0.0 0.0 0.0 0.0 0.0 0.0 0.0 0.0 0.15762045797397886 0.31454490549356506 0.6314343434443008 0.819185086455762 0.46461734626421747 0.2903825654666947 0.14487797834871213 0.0 0.0 0.0 0.0 0.0 
0.09370649102219189 0.1877067143031737 0.2820134073265136 0.3606326390405217 0.5505604902843038 0.7285916715934124 0.8593421624472156 0.990397446881695 1.0199037456504394 1.049150085300862 1.0802826904068026 1.1141631724772443 1.1555957739783955 1.1970407650333583 1.2392832658869506 1.279759309708334 1.339249903648898 1.3978688179478194 1.4561358187422142 1.5142038585156778 1.5809518681778025 1.6476381158854023 1.713598911431708 1.774434926729107 1.8668205285338486 1.9551621068026488 2.0440592269497753 2.122293560945733 2.224353850117075 2.328053852895808 2.4336989840980747 2.54420682760965 2.5579227026499964 2.5710943919978106 2.5811529211799424 2.5906286476724736 2.5515248001054367 2.5118674201857814 2.4716384604960027 2.4308552360377 2.138121290288743 1.8449238224897688 1.5514139623796361 1.259332674843846 1.6112671871266722 1.893955885983793 2.2110691160477116 2.5285833319248656 2.571933262660454 2.614854230066903 2.657308563671477 2.6992961489165603 2.672571696537894 2.6454755181074416 2.6180122813525966 2.5901855337828232 2.509887179553644 2.4293593178662674 2.3486052624221885 2.2676295551236314 2.180938663975737 2.094241714423874 2.0075403806906396 1.9203123068964376 1.8466870857140623 1.7730365295435444 1.6993301089236548 1.6287460589031437 1.568549584651491 1.5083122923535477 1.4482269543449346 1.3881356405444807 1.3384045474843047 1.2895245036735892 1.2465436439064224 1.1876191074836357 1.1537541985246178 1.1196855296234096 1.0859699632213582 1.0366420257447722 0.8004472432737986 0.5642870775879134 0.2677098453461169 0.0 0.0 0.0 0.0 0.0 0.0 0.0 0.0 0.0 0.15813352082860926 0.31557469699514823 0.6571774181398589 0.8309093946892301 0.44901583309584997 0.2912113514255596 0.14529450470122945 0.0 0.0 0.0 0.0 0.0 
0.04688879255324668 0.09392356952216932 0.1411107205411234 0.18146492463986238 0.4032804430627523 0.6080248035921096 0.7871663111506118 0.9668757192093944 0.999266351452774 1.0317875693475183 1.065428762968577 1.1012985265449406 1.1459701488687766 1.190674900722838 1.23580484996271 1.2787381277256453 1.3376861129902204 1.3951490414730372 1.4534912192180558 1.5116025730831453 1.576550865825788 1.6413006868197613 1.7055470484936093 1.7647241478470619 1.851456184166836 1.9308892029897695 2.017338709810535 2.0824449695074634 2.1917622386656612 2.3042669138885445 2.417056330945889 2.531587531972515 2.511216982611131 2.490279289256222 2.4674920098007282 2.4441083855768317 2.4306325715722465 2.4165811458081574 2.4019666024933035 2.3867833330470885 1.948100230167317 1.5089826568106974 1.069574075304899 0.6380094948384193 1.1324297909952628 1.562094912009702 2.0266477274633488 2.4920863913520486 2.5068058318072346 2.5211916354151374 2.5352090200232302 2.5488273481937065 2.544329241394077 2.5393846534975424 2.534005745391414 2.5281871610615694 2.4534095464426864 2.3783507450395605 2.3030157485279856 2.227404477094047 2.143169547825491 2.058894855946364 1.9745843677601513 1.8898614580794906 1.8203625413958857 1.7508432720269047 1.6813176334489595 1.6133488359149664 1.5582773988653886 1.503172927075177 1.4482785857916487 1.3933735671799992 1.3441909422092164 1.2966159080165571 1.251357891254421 1.1983648812755674 1.1589998858741088 1.119735807767439 1.0806629784991153 1.0301077058532937 0.7867454262742997 0.5169415447835561 0.2587397308688419 0.0 0.0 0.0 0.0 0.0 0.0 0.0 0.0 0.0 0.1651836194989901 0.31656270368355127 0.620428486972785 0.7660699436532943 0.45105579426807973 0.3011844054024907 0.15025388728387196 0.0 0.0 0.0 0.0 0.0 
0.0 0.0 0.0 0.0 0.2273791038239398 0.48466646634665334 0.7136627945949484 0.9430311791508021 0.9784356446096729 1.0164928947176188 1.0520811856509749 1.0880901103960292 1.1353595160364185 1.182596012786245 1.2301189970559867 1.2760247226439496 1.334427678503364 1.3927060903167714 1.4506881215236151 1.5109067944574095 1.5709094178009746 1.6308165806234143 1.6926640251756955 1.7481664574919458 1.8254718444765943 1.9037400668882558 1.9731620159385943 2.0458663409371147 2.162377132099312 2.2884198497967967 2.403082200222895 2.5171543120658315 2.464572068672009 2.411403145609002 2.3546709254923224 2.2973352214964864 2.309376229596756 2.3208459349852655 2.3317489481355023 2.342117043579629 1.7579241885300334 1.17333711857587 0.5895868371968214 0.0 0.6607184399607027 1.232673330253772 1.8421842278684328 2.4550646161996346 2.441065109510608 2.4268733077177176 2.4123760566887054 2.3976184279839163 2.415323499059095 2.432542578114487 2.4492260638463144 2.465411471792219 2.396186797687924 2.3266376539320985 2.256750532186349 2.186403131489328 2.104763540633762 2.023051705527974 1.9411393166069553 1.8589273787096028 1.7935476282865723 1.7282720318316724 1.6629965114203102 1.5976760658396496 1.5479303033169647 1.49828039497532 1.4487040998418943 1.3987264050999961 1.350855036857864 1.3009079750288917 1.2522622201175642 1.2036448471702523 1.1605821979743451 1.117638496608077 1.0745687073479273 1.0313998074342465 0.7732158912233449 0.5136840408198303 0.25539136549659947 0.0 0.0 0.0 0.0 0.0 0.0 0.0 0.0 0.0 0.16769272456259376 0.3345670459293282 0.6167496654260365 0.8190300319642716 0.4654236526988389 0.3005606045994176 0.15087284442173649 0.0 0.0 0.0 0.0 0.0 
0.0 0.0 0.0 0.0 0.17069429374839953 0.3527748379505228 0.5336896545370603 0.709483651749532 0.7364500339643825 0.7642141625311278 0.7907246802236392 0.8230446794890705 0.8605771068245851 0.8980707711273352 0.9319560033146825 0.9627172713852032 1.006284662542595 1.0494921652386677 1.0926883621162666 1.144100935728727 1.1931603289817483 1.2421923874238938 1.287645096452764 1.353027425095704 1.417159338331342 1.4683750392718133 1.5203826442534325 1.5759019130486378 1.6650675413677265 1.7597529138265804 1.8283937327746287 1.8972875443769717 1.8588322045769945 1.8199507246434783 1.7705927160486796 1.7208049756692494 1.7299209477051685 1.7386998120389694 1.746997687857619 1.7549575958509998 1.317531335221473 0.8803604570269922 0.4529450154288509 0.0 0.46673908367198663 0.9595929249636409 1.380992999003512 1.839134947076627 1.8284736513047064 1.8176916471042701 1.8065044296267878 1.7952234162847631 1.808499299860031 1.8214465927257293 1.834012688793277 1.8462347749716312 1.7943819191600994 1.7423049080905368 1.6899594476513689 1.63907487367042 1.5780104376654893 1.5168968059326917 1.4558132754442719 1.3959170079380407 1.3471184815469037 1.298778432772223 1.2488742572774796 1.1989666337929559 1.1617098291234385 1.1245089465841405 1.0864628186698697 1.0486339853167672 1.0125735790803043 0.9761723415642782 0.939927542054201 0.9037083051892487 0.8712498485190651 0.8388367273584236 0.8062620595871532 0.7735285541980883 0.5773939532748986 0.3832673688507796 0.19130429118337214 0.0 0.0 0.0 0.0 0.0 0.0 0.0 0.0 0.0 0.12564757835605506 0.2506833974450248 0.4578775392100052 0.5975805394625653 0.344967402877838 0.22505235433042506 0.11323091641744701 0.0 0.0 0.0 0.0 0.0 
0.0 0.0 0.0 0.0 0.11347210273098228 0.2280042201588449 0.34801565408679 0.475281728889662 0.4934766874022595 0.5119260520254326 0.5293473362923529 0.557162599317162 0.5813679014323827 0.6054909818366194 0.6272619842158991 0.6531443641726747 0.6803323869506606 0.7075102076505992 0.7309097692127378 0.777478740026698 0.8156584832486125 0.8377048898977635 0.8654221168543543 0.9585796804669122 0.9988446989199872 1.0385947898836247 1.0660020774487813 1.1262166882424665 1.178097956737094 1.2338586805487202 1.245049713009208 1.2791840526511498 1.2548981809995177 1.2291913602095774 1.205767888798815 1.1464147118282972 1.1526363712430374 1.1589098485788711 1.1643044850878814 1.1702942953572162 0.879351391861692 0.6056847484333319 0.3366242368307101 0.0 0.30580333762041334 0.6483663815920347 0.9448837507834746 1.2271429264571687 1.218493051660012 1.2110089891780267 1.2031959098446832 1.195647189478731 1.2042976485639225 1.2128762922107714 1.2212239674002423 1.2293641283426593 1.1948077912467379 1.1600846591037142 1.1251539787304379 1.0935904150857718 1.0529196333746025 1.0119884093895957 0.9713260414592311 0.9340988413015056 0.90161302653245 0.8693256635879056 0.8368303246014085 0.8005518412822923 0.7757079106722167 0.7509408351629878 0.7263830305358246 0.6999524612725724 0.6760950365397393 0.6508541538108475 0.6267406932729458 0.6026314013808685 0.5815407663148374 0.561834123051457 0.5370573239737284 0.514044866746338 0.3834624565063689 0.2551961479246332 0.12737961861995975 0.0 0.0 0.0 0.0 0.0 0.0 0.0 0.0 0.0 0.08368516030588866 0.16696378047013227 0.24984541001175053 0.3002320953878351 0.2248155741699071 0.14975181185512895 0.07507438939794073 0.0 0.0 0.0 0.0 0.0 
0.0 0.0 0.0 0.0 0.05860532056815179 0.11554955793149693 0.17554428450787005 0.23536308066131043 0.24300899656488778 0.25851453171093836 0.2670496766026407 0.28975466766703584 0.301581065186897 0.3125608055845751 0.32287603690081196 0.32658851947355516 0.3401605122260097 0.3537472290986381 0.3654367049385401 0.3887689100676527 0.4079069220488255 0.4388058577678893 0.4521965465524981 0.5242550773470731 0.542963515542385 0.5765595141342845 0.5920416597564602 0.5802464598895787 0.6080263771503719 0.61633212080425 0.6222277008503636 0.639554901235643 0.6276669386827327 0.6383929871171334 0.6255154268088645 0.5745588604119383 0.5818814433921975 0.5849491336422701 0.5992520660700188 0.6225695768014143 0.47505418097450625 0.31782419630347497 0.17062329070126003 0.0 0.15265622047698768 0.30529357012805725 0.47618114309807885 0.6460645441779201 0.6409963885679753 0.6188800463364383 0.6037955846172982 0.5990257270663135 0.6029526965546859 0.6068516794840741 0.611021888445286 0.6148635948351939 0.5974988824068901 0.579975631806159 0.5624317050234944 0.5464171517639581 0.5261029234336232 0.5090897318137577 0.48887951587333583 0.4729733350624945 0.4570908531365414 0.44105046835259465 0.4249915802468197 0.4026241472800006 0.3901441107162764 0.3777433096113191 0.36551170179110537 0.34967117264703707 0.3377196979294951 0.3259161999660397 0.31380991318935675 0.3017433399084836 0.2913346327793559 0.28162359996736563 0.2681493090323485 0.25578159362599334 0.19149729509641605 0.12744325832468156 0.06361297873691171 0.0 0.0 0.0 0.0 0.0 0.0 0.0 0.0 0.0 0.041803317083698284 0.08340406455548324 0.12480690440779603 0.14981368673584275 0.11208648154141296 0.0745448990039119 0.03718429417965561 0.0 0.0 0.0 0.0 0.0 
0.0 0.0 0.0 0.0 0.0 0.0 0.0 0.0 0.0 0.0 0.0 0.0 0.0 0.0 0.0 0.0 0.0 0.0 0.0 0.0 0.0 0.0 0.0 0.0 0.0 0.0 0.0 0.0 0.0 0.0 0.0 0.0 0.0 0.0 0.0 0.0 0.0 0.0 0.0 0.0 0.0 0.0 0.0 0.0 0.0 0.0 0.0 0.0 0.0 0.0 0.0 0.0 0.0 0.0 0.0 0.0 0.0 0.0 0.0 0.0 0.0 0.0 0.0 0.0 0.0 0.0 0.0 0.0 0.0 0.0 0.0 0.0 0.0 0.0 0.0 0.0 0.0 0.0 0.0 0.0 0.0 0.0 0.0 0.0 0.0 0.0 0.0 0.0 0.0 0.0 0.0 0.0 0.0 0.0 0.0 0.0 0.0 0.0 0.0 0.0 0.0 0.0 0.0 0.053537329458872726 
0.04549717708276445 0.021041894019144757 0.014095736828964272 0.01177532621763217 0.013160548157817269 0.015277132700501135 0.01752400743692818 0.022429104275887114 0.024703317337953435 0.026206133413368894 0.026296571006033654 0.023292023391506694 0.02384220783688648 0.011453757095416382 0.005756567729029057 0.02136798409667307 0.029001457953303205 0.04392768872725392 0.04830466773733578 0.10047554307460156 0.11698906256696073 0.1471711492056085 0.14479121644841256 0.15199740148769728 0.16858622230752449 0.14917402484112818 0.1259396996026105 0.055675303809892336 0.060272727148029955 0.07775027617184652 0.08552162786825548 0.11305182605530556 0.1234573356779793 0.10351024819294428 0.08139957651098481 0.0 0.0 0.0 0.0 0.032138933156676146 0.0339219991643634 0.05134566645271511 0.05182192167337504 0.0 0.0 0.0 0.0 0.0 0.0 0.0 0.0 0.0 0.0 0.0 0.0 0.009584838125803834 0.009577592478432219 0.009570181480355168 0.010300164790944638 0.019723126630175516 0.020380458332675943 0.021029452662339687 0.015359072704738857 0.018447711936720197 0.019616049210619907 0.016006376554519725 0.01136192685954313 0.014793570211088666 0.015085955447307023 0.015376623501044108 0.012847682028631542 0.008091968254778231 0.007860126538812254 0.007631048028268438 0.0037912467305914865 0.01224665467164085 0.0127410075479885 0.013128236383468526 0.01352382502754015 0.01724210733723318 0.01749096471336615 0.025032181308543497 0.02355526063905421 0.047711181248162246 0.046196501816061816 0.04018021699061887 0.02939809678748131 0.01944560018108842 0.01727519328970424 0.01620537305552349 0.013194361256740741 0.030191614322710232 0.02935132665119062 0.04270477753418074 0.040212125284284805 0.08253364663546374 0.08072052096847414 0.08062082118062762 0.08323146933322201 0.36121156406355903 0.22215678437760755 0.0 0.0 0.040016370168408116 
0.03222880383263657 0.027157643534272063 0.016312485899289027 0.020841698476854943 0.024903619690636817 0.027283392232242413 0.026548516184008948 0.02563402613470852 0.02860677300859554 0.03031542709074584 0.028651910670109727 0.02365939979424252 0.021814999972092766 0.02280209644046958 0.011459879179609467 0.03836384083998768 0.043424878799515246 0.05189302863884936 0.05775201829210653 0.1555389054911694 0.16443870899566312 0.16958274684718003 0.1750225837594175 0.17765756330409438 0.18545363749852314 0.19823264660622616 0.12617092767232496 0.10629724357622602 0.11363320324370035 0.122426779703695 0.1049749966332816 0.14438086734867842 0.1519086666991916 0.15644945588018383 0.10881133840393213 0.0 0.0 0.0 0.0 0.06035448639621701 0.06262883707936737 0.06330712415946814 0.054841558310040034 0.0 0.0 0.0 0.0 0.0 0.0 0.0 0.0 0.0 0.0 0.0 0.0 0.01908999775204923 0.01907603845522782 0.01809549028559537 0.01868128572700116 0.03769849835796937 0.039265661533373686 0.040648408348092364 0.029201193389282246 0.02699322947382876 0.02666622945390906 0.029348834109842733 0.019873147990085036 0.019726501427803175 0.021331485752762006 0.021769129016145788 0.015385739357326247 0.00933469640024308 0.0097096429896233 0.010026086239970661 0.00988585343641818 0.016431785880472442 0.016646041230400928 0.01739617208779562 0.01784879724334279 0.026879880123077876 0.028474527284463112 0.027886227460354775 0.024680374241432754 0.07167013493869669 0.06487778421212403 0.06114527897627821 0.04185365954515649 0.022685395285902472 0.024206561491937485 0.02454986012183658 0.023871403933748554 0.05197024634384255 0.05044768742331873 0.048532964394380054 0.04419857470198133 0.08720689578184715 0.08735925847437262 0.08760058313812756 0.08960336112212884 0.6241126631200657 0.32501467558769104 0.0 0.0 0.012344327778694845 
0.01114287620171887 0.009927310247446204 0.004992289038895941 0.005137249229386984 0.006174276475689509 0.0023933980559470887 0.02461085034781081 0.027161521573177128 0.028797749992301704 0.028076648376746928 0.025140644278248563 0.01982870254208303 0.01874599023099927 0.011348548857748277 0.005703419801508503 0.03984192825524527 0.048204405642508455 0.0565690685347478 0.05980824571921525 0.1278878225871485 0.13207621141501133 0.16785135036738308 0.17544565151217079 0.15495090605837317 0.15166375868291582 0.12108679401923356 0.08459573786348729 0.0704034218442279 0.0761865720099571 0.09819584776368057 0.09206888315722825 0.07168046334213915 0.07541691274624782 0.10507418240798908 0.08095652699844948 0.0 0.0 0.0 0.0 0.039178643927349245 0.04000948911420687 0.05077684770174912 0.04569950061674158 0.0 0.0 0.0 0.0 0.0 0.0 0.0 0.0 0.0 0.0 0.0 0.0 0.00950523767999454 0.00949852197649872 0.01724749176033934 0.01717087995150402 0.025992354464681205 0.02699150407516337 0.027318315122848293 0.02117917618557482 0.02460671966124403 0.02448198566201261 0.018523054345108834 0.013476357734964306 0.013322583632957567 0.01447723274411186 0.014659323924691277 0.011403458643251256 0.007895082294154617 0.008166279532059699 0.0087279907702496 0.00953871041410308 0.014806623331222356 0.01454207937024816 0.01476418602132321 0.01571628157661826 0.01961246470160285 0.0232234355949237 0.020124642240667463 0.017732372839355012 0.07041068983816992 0.06452591297451392 0.03655957507053471 0.026321779348528085 0.01633057783755725 0.016384561198097097 0.017459583756269704 0.01846414626523438 0.032186651053308764 0.03331095044316397 0.0474451331893683 0.04287986430335495 0.08087840614412944 0.08086933498155019 0.0673046569334409 0.06948241216780104 0.32512793073573193 0.17543590282707178 0.0 0.0 0.0 
0.0 0.0 0.0 0.0 0.0 0.0 0.0 0.0 0.0 0.0 0.0 0.0 0.0 0.0 0.0 0.0 0.0 0.0 0.0 0.0 0.0 0.0 0.0 0.0 0.0 0.0 0.0 0.0 0.0 0.0 0.0 0.0 0.0 0.0 0.0 0.0 0.0 0.0 0.0 0.0 0.0 0.0 0.0 0.0 0.0 0.0 0.0 0.0 0.0 0.0 0.0 0.0 0.0 0.0 0.0 0.0 0.0 0.0 0.0 0.0 0.0 0.0 0.0 0.0 0.0 0.0 0.0 0.0 0.0 0.0 0.0 0.0 0.0 0.0 0.0 0.0 0.0 0.0 0.0 0.0 0.0 0.0 0.0 0.0 0.0 0.0 0.0 0.0 0.0 0.0 0.0 0.0 0.0 0.0 0.0 0.0 0.0 0.0 0.0 0.0 0.0 0.0 0.0 